Haut
[[30,710], [203,686], [205,528], [174,474], [232,475], [93,455], [90,266], [152,275], [322,408], [447,441], [608,440], [666,412], [734,473], [727,644], [894,613], [830,408], [707,344], [798,273], [669,271], [417,269], [754,150], [561,146], [464,140], [262,186], [145,80], [59,84], [911,217], [804,129], [266,705], [449,703], [531,705], [779,422], [737,283], [382,305], [208,280], [508,61]]


Bas
[[108,609], [321,611], [205,548], [118,412], [71,375], [531,341], [746,532], [335,78], [877,106], [937,3], [1004,83], [1059,100], [497,503], [161,377], [245,378], [893,380], [454,187], [88,126], [840,17], [257,54]]

Gauche
[[367,654], [320,439], [427,536], [596,585], [425,341], [952,562], [930,455], [654,200], [415,150], [155,165], [974,420], [980,303], [960,167], [322,25], [450,25], [647,25], [222,616], [717,536], [494,460], [575,412], [974,232], [905,135], [971,85], [976,18], [1085,123], [1085,150], [1085,181]]

Droite:
[[23,654], [99,664], [253,310], [562,509], [505,446], [832,343], [754,205], [345,206], [928,358], [26,609], [408,652], [826,638], [822,533], [50,485], [528,272], [830,198], [198,151], [662,89], [61,23]]
